777,556,311,270,0
618,246,292,297,0
