min_ratio=0.42758620689655175
max_ratio=0.9832214765100671
moy_ratio=0.5725892334813942
min_scale=107
max_scale=2635