min_ratio=0.42758620689655175
max_ratio=0.9832214765100671
moy_ratio=0.5759431057602997
min_scale=107
max_scale=2635